7 100
1927 2587 2424 2995 1752 1672 1365 2563 2827 871 433 1919 302 994 2946 323 1610 36 682 2311 868 1098 2966 2565 941 415 1161 1152 110 822 1639 840 137 1055 1796 1765 877 1148 971 3000 2411 1956 246 2003 2221 2278 823 2409 702 2581 2518 2702 2699 1035 1778 2642 2668 1794 2115 2065 2660 438 1263 2340 2479 2144 612 2517 1923 362 1291 2256 1107 175 1856 1256 98 1433 1074 259 1703 116 1483 0 2432 1133 16 2504 2892 2115 816 2302 2849 1423 20 862 648 578 583 829
1506 2203 1332 1950 2256 1326 2311 1025 48 149 636 2645 2248 1061 1771 850 66 746 2081 624 1200 2174 225 2800 1769 108 1547 1116 623 1147 289 1187 1383 822 118 2586 1777 44 1793 1245 1341 455 2820 2263 2408 1225 1201 1511 2227 2943 347 179 1412 1898 2542 2470 1039 2972 2861 2078 2224 1569 233 918 2842 574 2001 11 182 305 2900 1850 672 1536 2311 877 797 1299 1878 2277 1621 1104 1270 1618 636 1945 768 306 528 2590 105 2051 2914 1716 1246 778 2307 2971 2860 2502
436 2261 780 1518 913 2629 1530 442 2125 2598 187 179 944 276 2829 2048 598 2037 22 438 319 1914 1132 1524 1645 397 2839 1624 1238 556 979 414 1398 134 861 1781 1403 1542 2043 1573 825 2879 2531 1513 1770 20 529 2736 2814 440 25 991 2261 2840 2571 633 1236 901 1956 92 86 402 372 1738 1150 225 2556 750 1353 847 2443 2280 953 2330 1342 1135 2126 866 689 486 2297 2898 2594 2838 1923 1338 1871 1912 2189 658 1171 516 1403 2350 596 2350 62 2990 2946 525
444 1235 2568 2619 1213 1629 1992 639 569 1903 1937 1671 401 2947 2810 960 1004 135 1121 2387 2215 810 2739 1981 1968 990 31 2074 98 2467 1089 447 48 2527 629 2606 490 1986 2110 604 376 177 603 976 2196 1368 824 818 741 616 1055 1103 2120 644 513 1319 1901 2212 917 2327 1699 1081 1669 889 1442 1165 449 1048 2268 145 830 1237 1207 1765 1081 2759 109 1889 1924 2543 1180 879 1160 37 1713 2703 1919 914 285 1011 599 128 1778 1402 681 1214 2916 837 2921 1036
281 797 1320 607 810 500 2532 76 1390 2776 493 1134 1625 1308 1798 1239 73 2288 1484 1803 1447 1054 740 2679 2197 1749 1003 1826 943 1222 211 1627 2692 1281 2899 865 572 1720 2591 380 2665 2747 52 1358 2882 831 2974 931 858 249 682 236 1766 1922 2065 234 2361 2406 285 1449 949 933 411 2093 692 2072 1946 290 161 1605 1678 958 1906 802 1702 1936 2605 632 262 1104 527 1023 2679 830 2036 2416 1275 1586 1098 885 1327 897 2580 190 160 317 1607 1404 2506 2845
1559 1214 132 1528 752 1568 1017 814 1402 1210 2792 598 1244 1625 2838 1083 2550 1429 1863 1883 1705 801 2610 1578 1132 2448 2417 2609 1675 708 122 2251 1531 658 1542 1698 232 2096 1321 606 2500 1645 562 2275 459 1393 642 18 15 959 2671 1548 1773 1941 803 2603 108 410 2709 1474 2404 2870 2472 1041 456 1893 1418 1630 2077 2028 0 2381 240 1831 2093 1528 48 2948 1295 62 2591 1025 2686 1216 1058 2217 2246 1423 1929 2699 1483 695 2681 2739 725 472 1650 1344 624 2792
1167 560 634 1461 2816 80 1812 301 248 1428 2560 1784 2986 2764 1048 2499 608 1210 2892 2341 1146 1983 946 1296 2785 1881 2240 1185 221 1950 1620 195 27 2549 122 2233 2190 2205 2978 1137 810 448 1490 942 1625 2477 1658 657 2006 744 1664 2210 1473 977 2057 1505 1936 66 2626 2042 2627 2708 1715 912 844 541 254 1496 2722 1100 1637 2845 276 2838 1166 1142 1956 247 912 2634 2987 1064 1495 1176 291 1075 101 1635 1261 612 1363 2788 962 2611 2305 897 472 1783 1419 1416
1000
2 47 6 88
6 59 6 25
1 49 1 7
6 44 4 20
6 23 2 64
5 16 6 2
0 28 5 49
6 37 6 92
1 78 2 35
2 31 2 88
1 75 1 83
0 12 5 77
5 98 3 65
0 37 5 75
0 94 4 55
4 61 2 68
3 2 0 50
5 4 5 3
5 49 1 19
5 97 4 40
5 2 4 82
4 93 0 48
4 4 4 33
3 38 4 44
2 46 3 93
5 32 3 18
3 71 2 15
0 69 3 26
6 47 4 87
4 22 1 45
2 6 6 92
0 75 1 97
2 11 5 33
6 57 5 37
6 89 3 3
3 38 3 44
3 59 2 17
4 55 6 23
6 93 6 22
2 88 2 49
2 35 4 72
0 86 2 25
0 40 1 32
3 3 1 35
5 16 1 79
6 52 1 57
1 27 3 61
3 41 4 46
1 16 3 96
1 40 0 61
5 7 1 17
4 21 4 82
6 85 4 41
4 37 6 87
4 78 2 16
2 11 3 87
2 73 4 81
6 73 2 85
4 42 4 35
4 27 1 81
5 34 0 43
2 35 0 25
4 34 2 24
1 60 0 21
5 99 4 57
6 63 2 74
5 77 6 12
2 68 3 1
2 27 2 86
4 13 5 44
3 77 1 55
4 95 0 70
5 76 1 26
0 53 5 46
2 21 0 6
6 7 0 85
5 53 2 33
1 47 5 82
4 5 0 91
4 45 0 68
0 70 1 91
1 36 1 3
1 57 2 28
0 89 2 77
1 83 2 12
4 82 3 42
1 5 1 83
4 79 5 18
0 12 5 32
0 74 2 93
5 45 0 26
2 36 1 73
1 85 3 75
6 81 1 65
6 33 5 88
6 86 1 61
5 38 6 53
4 25 3 66
0 2 4 41
1 59 2 10
1 68 6 67
2 52 3 44
4 86 6 84
3 73 0 28
3 1 0 63
5 4 1 16
3 66 2 3
5 6 6 50
4 2 0 42
2 99 5 88
2 59 5 9
2 5 1 46
6 76 4 21
5 40 4 74
5 51 5 2
1 85 4 96
2 73 4 54
3 18 2 88
5 72 1 18
4 24 1 22
4 35 6 75
2 67 2 16
6 48 6 2
2 97 1 77
6 85 4 31
5 50 6 97
5 89 6 92
1 64 4 25
5 98 6 90
6 55 4 83
5 14 3 9
3 17 1 94
2 52 6 31
5 6 0 57
1 62 4 33
5 0 6 77
6 6 3 8
6 35 2 25
5 55 1 29
1 37 2 36
2 28 6 44
1 90 4 54
3 24 0 27
6 8 0 29
1 14 2 15
1 92 4 44
4 37 3 57
3 34 6 94
2 88 4 29
2 59 4 79
1 62 0 89
5 1 5 9
3 58 3 2
6 88 6 27
4 23 6 25
3 70 0 8
3 76 3 39
1 96 4 13
5 89 5 68
2 38 5 1
1 50 4 30
2 21 5 27
4 58 5 98
3 47 3 79
2 60 0 0
2 17 4 54
0 39 0 66
1 43 6 50
6 23 1 42
3 94 3 95
5 28 6 86
3 24 6 30
5 17 5 30
1 10 5 68
5 6 0 65
4 96 0 43
0 68 3 42
4 28 0 67
4 95 2 71
2 14 3 29
3 30 4 20
6 83 2 66
4 97 5 12
1 90 1 32
4 49 4 78
1 57 3 79
3 54 3 9
2 3 3 88
2 39 4 22
3 29 5 57
0 0 1 80
4 47 1 13
5 46 5 94
2 23 1 7
5 38 6 90
2 61 5 68
1 97 5 93
6 87 1 27
6 88 3 40
6 53 0 99
4 44 1 11
0 37 3 72
5 65 5 92
5 60 3 71
3 26 2 24
6 77 0 22
0 27 2 27
0 96 1 77
1 69 2 68
5 16 4 13
0 49 1 6
4 34 5 47
5 76 4 27
2 68 6 81
1 7 6 72
5 86 4 59
3 47 6 73
1 54 1 98
3 2 0 32
5 9 2 64
4 3 1 94
0 43 5 69
3 88 3 56
4 41 4 94
2 22 6 10
1 33 3 28
5 26 4 7
0 64 2 0
3 77 4 98
0 38 4 40
4 44 1 41
2 80 1 16
6 0 1 8
2 40 4 42
0 15 2 37
4 87 6 81
6 16 1 26
1 17 2 60
4 65 3 9
1 67 1 79
5 79 5 34
3 20 5 51
6 19 0 16
6 54 0 18
5 67 4 86
6 76 2 84
2 10 2 27
1 39 4 26
5 38 3 96
0 43 4 86
3 49 5 12
1 74 2 7
4 30 6 86
5 92 4 44
5 3 4 36
1 87 6 70
2 62 6 79
3 67 5 96
2 2 0 79
6 42 0 65
6 41 0 31
4 56 2 85
4 21 0 70
2 43 2 9
0 25 0 93
2 43 4 23
5 44 3 27
1 58 5 75
0 45 6 47
2 84 5 94
0 7 0 95
0 43 0 45
0 89 5 84
1 72 5 66
0 70 6 15
4 86 5 73
3 5 0 40
0 69 4 71
4 61 3 86
2 24 0 89
6 65 0 40
5 72 4 45
5 76 6 11
4 39 1 31
5 33 0 90
4 82 6 24
4 83 1 4
3 45 3 10
5 2 1 75
2 1 3 41
2 86 6 84
3 4 3 78
5 50 5 51
2 55 4 94
0 81 3 19
3 46 5 71
1 46 4 79
0 66 5 40
6 9 5 89
2 77 3 12
5 62 6 61
1 36 6 96
3 16 1 50
1 3 0 47
0 99 3 23
6 56 2 40
3 72 1 94
4 91 3 67
6 87 3 47
1 97 4 82
3 27 1 29
2 60 1 29
1 28 2 3
5 61 1 29
4 39 2 67
3 60 6 27
3 81 6 30
6 95 1 44
2 47 2 4
2 2 6 54
4 77 0 83
1 59 0 61
2 82 2 20
1 38 5 58
6 74 6 24
6 93 0 47
0 58 3 24
5 80 0 64
5 7 6 36
0 97 0 62
0 86 2 22
6 0 3 30
6 0 5 83
1 35 5 26
3 50 0 40
6 99 0 14
6 89 0 49
4 27 5 39
3 46 5 28
3 71 6 46
6 50 5 6
1 98 3 21
1 70 3 96
2 85 2 80
1 87 5 2
0 2 5 84
5 22 1 38
6 6 2 66
6 56 2 93
2 76 0 0
4 98 1 88
1 56 2 74
1 61 6 36
0 21 4 13
0 78 5 93
0 44 5 11
0 22 5 5
2 55 4 60
3 27 5 21
5 31 4 45
1 52 1 1
6 40 2 95
2 7 4 36
3 0 5 60
4 97 6 81
1 87 3 84
6 39 1 10
5 42 4 40
2 23 0 23
2 51 5 81
4 20 5 51
2 71 4 69
0 12 3 13
2 2 0 84
3 84 0 99
0 82 1 3
4 46 5 65
0 91 0 51
1 97 1 70
1 71 5 2
1 23 0 85
1 38 1 48
5 46 6 68
6 90 3 70
1 81 5 72
0 15 4 2
6 34 4 77
6 87 6 40
0 91 1 38
1 94 1 97
0 71 3 58
3 46 6 66
3 41 2 55
0 19 4 77
2 64 1 53
6 83 5 93
2 79 4 46
5 90 1 70
4 25 6 4
3 90 3 58
1 28 5 41
0 3 4 48
4 58 4 9
4 95 0 43
2 66 2 4
0 35 2 83
3 67 4 98
6 67 6 98
6 89 1 9
6 64 5 19
3 36 2 17
1 84 0 22
1 47 1 93
3 59 5 20
0 69 3 96
4 19 6 14
1 65 3 16
0 37 5 86
5 87 3 22
1 61 4 64
3 19 5 10
5 84 4 62
3 84 6 99
2 76 5 55
6 29 2 40
1 90 2 46
1 97 2 87
4 46 1 75
3 76 6 40
0 74 0 11
0 19 0 50
5 62 2 92
2 26 5 16
1 59 2 38
3 40 3 88
2 84 5 66
3 61 5 18
4 91 6 90
4 18 3 33
3 83 4 89
1 27 1 72
6 69 2 82
6 19 0 29
3 69 0 49
1 70 3 93
5 85 3 8
4 41 4 44
0 61 4 15
0 97 1 48
3 15 2 71
3 27 3 38
2 51 1 73
0 72 6 91
1 31 5 90
6 48 2 20
0 47 1 24
2 70 6 61
0 41 0 3
2 82 6 52
3 49 6 65
4 85 3 66
0 81 1 49
5 28 2 60
4 62 0 10
5 20 2 94
6 87 0 52
3 62 0 66
0 24 0 29
0 15 2 25
5 88 5 84
4 68 4 4
0 32 0 68
5 38 1 11
4 2 3 94
6 10 3 72
1 2 5 21
1 65 3 84
3 18 3 72
2 24 3 48
1 35 6 95
2 69 1 65
5 29 6 35
2 55 4 51
1 21 3 66
4 0 0 36
3 9 3 87
1 1 0 21
4 74 0 77
3 55 0 86
4 80 1 61
5 63 5 74
3 21 2 70
4 31 0 52
5 57 2 39
4 34 5 34
2 17 0 40
6 98 6 64
1 79 0 7
2 72 1 97
0 64 5 99
5 34 3 16
0 12 2 47
1 55 4 83
0 5 6 32
0 73 4 63
2 79 3 17
1 89 1 80
1 64 4 81
1 57 3 32
0 28 1 44
3 64 5 60
3 85 0 67
3 24 2 13
2 43 2 7
1 23 1 24
0 60 4 50
3 0 1 45
1 8 6 72
0 66 1 2
3 53 1 95
3 44 6 28
1 55 0 62
1 20 0 59
0 80 3 56
1 12 2 98
6 64 3 53
5 31 4 80
3 33 0 79
5 12 4 47
1 3 3 21
0 14 3 11
1 80 5 94
2 64 2 95
0 45 2 38
1 13 1 74
3 70 1 19
1 16 2 90
3 36 6 60
2 25 2 44
6 53 1 36
1 84 6 16
0 69 4 16
5 88 0 92
0 58 4 75
6 32 1 49
5 45 0 56
1 59 5 28
1 26 3 27
4 77 4 90
4 82 2 17
5 82 2 91
2 67 3 60
5 37 0 53
4 38 2 92
4 98 1 41
4 95 4 6
5 25 6 23
3 92 5 83
1 53 5 70
1 85 1 85
0 26 2 89
2 59 2 4
1 84 1 18
6 4 0 69
2 34 5 89
4 61 6 9
6 20 4 69
1 10 3 6
6 7 2 73
5 41 4 44
4 88 4 91
2 6 5 72
3 83 1 92
4 39 1 48
3 31 3 80
0 92 5 67
4 76 3 98
0 91 0 12
6 75 3 73
5 92 4 96
0 65 6 42
4 97 3 42
0 95 1 12
6 78 6 21
3 10 1 10
6 9 0 49
0 59 4 42
4 30 1 35
3 51 6 17
3 51 3 49
1 99 2 84
0 68 3 67
2 40 2 63
2 19 5 78
2 71 1 96
0 13 0 35
1 45 6 60
3 18 2 16
1 35 1 36
5 51 1 17
3 78 6 64
4 18 2 31
2 59 5 15
3 63 4 36
2 83 5 32
1 0 4 83
6 99 2 4
0 66 6 95
0 4 2 74
0 65 6 77
4 47 0 85
6 18 1 44
0 89 1 95
1 71 2 99
5 91 1 21
6 37 0 30
5 67 3 84
4 20 5 78
6 68 4 72
6 1 6 57
6 88 3 91
5 47 3 59
3 76 4 78
1 84 4 93
4 73 3 1
1 95 4 76
5 29 0 7
4 33 0 46
3 75 0 51
5 78 6 79
5 37 2 91
4 32 0 92
5 61 6 68
4 55 1 99
2 2 5 34
2 97 1 71
4 78 6 3
0 98 2 3
4 78 0 72
3 43 3 20
0 68 2 62
5 47 3 77
2 39 6 38
1 68 0 65
3 34 5 68
6 86 3 80
6 28 6 74
3 88 2 7
6 3 6 13
1 95 2 36
1 81 4 77
3 89 5 43
4 97 6 21
0 6 6 69
2 26 4 0
4 60 6 11
0 19 5 36
3 63 5 23
2 7 5 89
5 41 4 25
0 41 0 66
6 74 3 62
3 36 5 14
3 56 3 23
5 87 4 59
6 36 0 86
1 1 0 58
2 10 0 55
6 21 1 39
5 31 1 83
5 66 0 56
2 17 6 44
3 52 2 50
6 17 0 22
6 75 2 10
5 91 5 62
1 62 0 93
1 24 4 45
5 13 1 55
2 34 3 84
1 36 6 22
5 38 2 13
1 58 4 75
2 76 1 44
6 67 5 19
5 89 4 39
4 55 3 98
0 12 6 13
3 37 2 54
2 35 1 61
6 73 5 40
2 41 4 99
2 60 4 17
2 63 6 57
6 42 5 37
1 45 4 31
0 38 5 38
0 25 6 5
6 12 4 21
4 99 5 95
1 65 0 99
1 61 1 43
4 26 0 36
1 67 2 32
0 88 4 99
5 71 2 58
2 71 1 7
2 57 6 10
5 98 3 30
1 43 5 46
0 29 0 56
3 89 0 50
1 73 6 71
4 49 6 47
3 71 6 84
5 99 1 86
4 44 1 32
0 53 1 37
0 77 4 96
0 71 1 55
6 87 2 76
1 7 0 36
5 55 5 62
0 10 2 82
4 94 5 19
0 39 6 96
3 69 1 88
3 50 5 70
5 37 0 14
2 54 3 69
3 19 4 17
5 8 3 6
2 60 3 23
6 30 2 99
0 25 3 60
2 89 3 96
0 15 5 31
3 1 4 86
4 0 0 79
3 99 6 15
4 31 0 66
0 13 0 39
1 10 5 61
4 28 2 95
2 30 2 77
2 64 4 80
1 56 6 62
3 54 0 68
0 97 5 82
1 68 2 71
1 67 3 10
4 87 3 62
6 97 4 35
4 75 4 78
3 69 5 13
0 58 2 37
5 84 5 46
0 44 2 87
2 44 3 35
5 63 5 37
5 60 0 1
4 43 1 68
4 90 5 84
6 1 0 38
4 52 3 47
6 32 6 99
3 97 5 5
5 6 6 52
2 35 6 95
3 79 5 71
1 28 4 92
1 77 3 44
4 27 4 75
1 56 3 68
2 66 5 10
3 42 6 4
1 47 4 22
5 59 5 9
6 97 0 12
4 38 2 65
6 83 1 8
5 36 5 40
1 32 0 48
5 11 2 8
5 71 2 17
2 55 2 48
1 75 5 44
3 38 6 35
2 47 1 41
0 72 2 26
5 26 5 10
1 23 3 60
4 63 4 24
0 76 2 36
4 5 6 20
2 51 0 66
6 67 3 14
6 33 5 75
0 84 4 77
0 44 0 12
1 67 2 92
1 33 6 31
5 80 0 36
3 32 5 4
1 19 6 92
6 58 4 52
2 59 5 35
1 69 2 17
2 56 6 39
6 18 3 27
3 38 1 85
2 93 4 7
2 32 2 6
4 59 3 74
4 98 2 94
5 86 2 34
6 13 1 27
1 63 0 99
3 61 4 66
5 62 0 50
1 61 5 8
6 25 5 8
0 81 0 21
3 76 6 95
4 38 3 7
3 29 1 39
4 28 3 71
4 64 3 85
3 58 4 38
5 55 6 47
5 16 2 25
4 10 5 29
6 35 4 4
0 27 0 36
0 68 4 17
4 2 0 61
5 0 4 45
1 1 6 37
2 24 6 64
6 56 1 98
5 77 3 25
2 57 0 96
0 47 5 3
4 52 0 33
2 97 5 15
3 63 0 28
4 47 5 48
2 14 5 44
5 90 2 21
2 95 1 93
3 23 6 69
5 82 5 69
1 63 1 39
3 93 2 7
3 59 1 32
5 17 0 58
1 40 1 79
4 46 6 83
5 28 4 39
4 57 0 1
2 18 0 58
2 96 5 59
5 92 1 37
6 52 0 13
4 23 4 12
6 97 4 0
1 64 0 1
0 20 3 6
2 52 2 1
1 39 4 18
0 32 3 73
4 35 3 63
5 77 3 46
1 48 6 86
3 73 1 16
3 7 2 18
3 91 6 17
0 94 6 54
3 1 6 78
6 42 3 94
0 68 5 64
2 75 2 92
5 9 0 31
4 87 3 35
4 74 1 93
0 42 5 14
6 54 6 71
3 77 4 69
4 83 6 2
4 51 4 74
0 87 1 62
0 74 2 57
5 81 1 90
1 14 4 63
3 99 6 61
3 13 0 49
5 59 4 56
3 6 0 8
2 28 6 46
0 34 3 22
0 88 4 18
3 62 6 31
1 49 5 34
4 97 6 41
0 98 5 87
6 35 6 83
0 98 0 46
2 22 3 28
4 64 3 47
0 98 3 36
4 7 0 48
4 90 1 24
1 86 3 70
1 27 0 66
5 60 5 2
4 35 1 30
0 84 1 96
2 54 3 93
3 65 6 38
0 30 2 21
3 34 0 9
1 60 3 85
5 70 1 54
0 88 2 20
2 52 6 49
5 47 3 51
4 35 4 49
0 55 1 93
1 66 0 97
5 8 1 97
3 92 6 58
3 76 4 83
1 41 6 19
6 88 3 48
5 89 5 35
1 40 2 30
2 91 0 40
0 58 3 45
0 51 6 43
3 38 5 10
5 25 5 73
1 53 6 74
4 56 3 2
6 33 2 91
0 44 2 80
5 67 3 89
2 62 6 96
4 7 2 5
5 42 4 43
6 79 6 4
1 95 5 85
3 59 6 12
4 13 1 77
2 37 0 85
2 49 3 66
6 77 6 84
2 48 3 41
4 64 1 82
5 66 4 17
4 37 5 21
0 22 1 37
0 86 4 61
6 64 1 51
2 63 3 60
4 69 0 0
6 94 6 97
4 34 3 68
2 55 0 15
5 28 6 26
4 29 2 98
6 12 0 45
6 81 2 63
1 95 0 19
0 49 4 80
1 74 1 84
1 93 5 61
2 54 0 71
6 23 0 27
5 12 2 15
0 51 4 51
4 61 2 94
3 67 1 91
6 70 3 28
2 4 2 79
1 96 4 60
5 54 6 96
4 92 2 81
2 66 2 40
6 43 4 77
1 34 1 6
3 46 6 5
5 38 5 21
0 26 2 93
0 64 5 22
1 24 2 88
4 21 6 48
0 21 3 29
3 77 0 34
6 11 4 57
0 81 6 72